34
98
109
119
145
182
190
195
200
238
255
309
326
335
410
465
467
472
511
571
573
589
590
591
601
619
635
642
647
669
675
676
704
708
733
768
770
812
814
820
823
835
842
859
870
875
893
895
902
992
1025
1039
1043
1051
1056
1103
1107
1143
1153
1184
1190
1213
1217
1222
1280
1287
1289
1290
1387
1389
1394
1395
1410
1430
1444
1517
1523
1532
1573
1600
1625
1650
1659
1687
1701
1712
1734
1746
1749
1771
1799
1860
1889
1897
1898
1912
1913
1930
1931
1934
1944
1946
1990
1995
2000
2007
2015
2016
2019
2039
2059
2082
2084
2133
2143
2145
2146
2148
2174
2187
2270
2277
2285
2292
2304
2317
2331
2343
2345
2375
2409
2458
2467
2485
2495
2505
2515
2558
2585
2591
2607
2608
2627
2645
2664
2689
2712
2741
2745
2769
2775
2801
2848
2897
2915
2959
2963
2997
3002
3004
3015
3018
3024
3040
3073
3084
3116
3130
3149
3156
3163
3167
3176
3207
3212
3217
3253
3257
3288
3303
3310
3343
3364
3376
3390
3402
3404
3406
3412
3442
3475
3478
3527
3551
3558
3567
3569
3603
3610
3630
3640
3659
3713
3720
3726
3756
3762
3765
3783
3787
3811
3875
3897
3898
3917
3921
3931
3935
3950
3993
3995
3997
4005
4012
4013
4019
4020
4024
4038
4054
4070
4107
4120
4154
4176
4187
4206
4208
4232
4253
4255
4269
4276
4287
4297
4308
4311
4312
4334
4346
4349
4403
4411
4418
4422
4437
4439
4450
4469
4503
4524
4539
4572
4582
4603
4609
4612
4637
4660
4688
4694
4708
4721
4725
4748
4766
4767
4768
4771
4800
4811
4828
4831
4839
4863
4891
4912
4940
5003
5007
5017
5023
5026
5038
5049
5070
5079
5089
5090
5092
5113
5141
5167
5173
5174
5228
5235
5239
5242
5258
5261
5305
5307
5313
5326
5328
5329
5382
5393
5437
5441
5453
5483
5629
5665
5705
5744
5780
5877
5887
6048
6065
6069
6077
6093
6105
6113
6148
6153
6160
6171
6175
6191
6197
6215
6226
6236
6239
6264
6278
6280
6284
6291
6292
6304
6305
6326
6363
6446
6457
6495
6511
6647
6650
6672
6719
6758
6765
6769
6770
6778
6833
6862
6866
6868
6878
6883
6930
6944
6945
6970
6989
6992
7009
7024
7062
7072
7079
7111
7124
7129
7133
7139
7141
7189
7190
7204
7233
7241
7242
7248
7278
7282
7289
7291
7299
7302
7330
7340
7341
7354
7371
7400
7425
7448
7461
7463
7490
7507
7517
7526
7530
7539
7546
7551
7560
7620
7653
7656
7689
7706
7746
7805
7812
7817
7819
7822
7838
7893
7925
7966
7970
7987
8003
8006
8076
8088
8090
8092
8098
8121
8131
8137
8141
8166
8173
8189
8190
8203
8229
8234
8244
8252
8307
8316
8325
8334
8351
8358
8366
8385
8397
8413
8422
8445
8447
8467
8475
8490
8524
8575
8612
8634
8645
8647
8662
8666
8675
8682
8708
8718
8723
8725
8739
8745
8773
8775
8794
8796
8802
8851
8876
8951
8969
8984
8999
9010
9020
9021
9037
9060
9062
9096
9109
9146
9148
9151
9152
9202
9227
9234
9258
9277
9280
9283
9285
9303
9308
9310
9362
9363
9441
9445
9469
9476
9485
9486
9503
9505
9514
9523
9527
9549
9551
9584
9589
9590
9613
9615
9639
9645
9653
9685
9698
9705
9729
9734
9741
9825
9844
9856
9972
10001
10033
10040
10042
10073
10079
10095
10115
10121
10127
10160
10161
10163
10176
10177
10208
10217
10222
10232
10242
10271
10273
10299
10317
10336
10340
10363
10367
10395
10417
10441
10447
10462
10550
10562
10565
10568
10589
10611
10648
10654
10656
10665
10679
10718
10735
10741
10763
10781
10788
10789
10796
10815
10865
10867
10887
10888
10917
10955
10956
10959
10960
10974
11008
11009
11022
11024
11047
11104
11114
11115
11118
11177
11182
11191
11201
11203
11210
11226
11235
11241
11245
11323
11362
11363
11440
11444
11464
11481
11486
11487
11511
11515
11520
11543
11546
11548
11578
11585
11589
11607
11656
11657
11676
11700
11756
11762
11796
11817
11825
11830
11893
11899
11938
11955
11957
11998
12073
12167
12169
12178
12186
12226
12236
12242
12253
12259
12277
12291
12294
12320
12324
12396
12397
12401
12405
12406
12409
12422
12432
12433
12491
12497
12502
12507
12539
12565
12570
12571
12580
12583
12588
12599
12607
12611
12624
12625
12626
12645
12648
12674
12697
12708
12714
12716
12763
12764
12797
12823
12829
12861
12865
12868
12870
12903
12935
12950
12954
12955
12969
12975
12982
12986
12989
12991
12992
13033
13041
13048
13057
13059
13079
13103
13145
13171
13182
13187
13196
13234
13238
13243
13331
13337
13339
13362
13366
13371
13378
13405
13409
13430
13431
13437
13441
13444
13465
13498
13556
13608
13617
13656
13684
13702
13710
13711
13726
13727
13731
13734
13737
13766
13769
13789
13797
13809
13834
13837
13851
13870
13935
13945
13969
14048
14073
14075
14079
14086
14087
14106
14159
14177
14210
14212
14237
14251
14252
14292
14301
14363
14408
14459
14504
14507
14508
14509
14520
14611
14644
14683
14735
14754
14758
14760
14776
14788
14804
14805
14809
14870
14871
14904
14915
14920
14925
14933
14962
14985
15009
15029
15059
15093
15120
15130
15162
15184
15268
15319
15326
15350
15353
15363
15375
15420
15432
15460
15465
15473
15481
15524
15529
15534
15543
15569
15585
15607
15608
15609
15611
15614
15642
15650
15683
15715
15716
15719
15721
15724
15726
15734
15757
15766
15769
15794
15799
15801
15845
15858
15872
15889
15898
15909
15912
15964
15996
16033
16093
16106
16124
16164
16177
16183
16185
16189
16217
16219
16227
28
170
219
409
426
481
491
526
528
596
607
639
650
652
659
668
767
769
772
775
783
807
813
828
833
881
888
899
934
945
978
1004
1007
1036
1070
1074
1076
1097
1155
1169
1223
1232
1260
1283
1364
1378
1384
1416
1469
1473
1480
1481
1487
1515
1550
1564
1617
1631
1670
1711
1722
1787
1796
1859
1875
1892
1947
1975
1979
2002
2014
2043
2090
2161
2196
2206
2227
2286
2363
2404
2450
2454
2461
2497
2520
2574
2582
2584
2586
2592
2669
2719
2733
2760
2917
2967
2978
3000
3045
3046
3089
3093
3095
3096
3155
3166
3209
3222
3230
3240
3247
3256
3264
3315
3316
3342
3354
3358
3498
3524
3539
3556
3584
3586
3663
3670
3691
3707
3724
3725
3729
3735
3739
3790
3791
3801
3828
3860
3872
3900
3914
3920
3960
3980
4030
4039
4040
4041
4055
4062
4085
4184
4200
4201
4202
4203
4277
4300
4335
4355
4384
4395
4404
4423
4486
4510
4548
4647
4667
4680
4700
4747
4755
4822
4842
4890
4899
4965
4967
4988
5037
5058
5111
5154
5157
5203
5211
5248
5264
5269
5270
5298
5299
5363
5374
5378
5474
5497
5559
5730
5752
5876
5937
5950
5965
6058
6079
6080
6094
6097
6150
6158
6161
6167
6243
6376
6409
6439
6461
6476
6481
6496
6509
6645
6666
6668
6669
6690
6704
6706
6724
6754
6808
6816
6821
6852
6881
6925
6978
6998
7026
7042
7093
7212
7216
7235
7238
7256
7268
7276
7284
7288
7290
7292
7294
7308
7318
7336
7343
7349
7375
7413
7512
7515
7533
7595
7601
7606
7618
7623
7628
7695
7728
7734
7772
7798
7856
7858
7873
7995
7997
8012
8036
8050
8063
8080
8089
8099
8109
8117
8144
8149
8169
8211
8220
8241
8344
8442
8502
8515
8545
8562
8564
8655
8660
8705
8789
8792
8842
8917
8974
8982
9018
9075
9093
9097
9128
9130
9138
9201
9207
9214
9244
9245
9262
9266
9299
9316
9323
9326
9334
9400
9405
9454
9481
9487
9510
9512
9524
9530
9536
9550
9562
9642
9668
9710
9711
9714
9796
9813
9824
9903
9914
9935
9942
9966
10037
10138
10170
10179
10183
10184
10226
10243
10248
10251
10265
10266
10292
10296
10305
10321
10354
10372
10386
10449
10460
10476
10482
10483
10584
10586
10624
10646
10699
10828
10835
10838
10841
10876
10881
10930
10952
10982
11098
11133
11140
11173
11257
11297
11372
11413
11424
11443
11448
11478
11479
11492
11508
11513
11539
11551
11560
11584
11588
11618
11619
11644
11646
11665
11691
11726
11786
11795
11802
11810
11890
11895
11935
12016
12037
12086
12102
12155
12214
12251
12256
12258
12270
12274
12288
12292
12315
12333
12346
12364
12382
12391
12399
12435
12437
12477
12478
12484
12576
12589
12651
12656
12693
12765
12790
12812
12828
12833
12844
12937
12964
12971
13003
13017
13037
13051
13084
13100
13128
13146
13147
13159
13168
13194
13219
13255
13266
13284
13327
13348
13349
13351
13360
13403
13410
13415
13494
13503
13512
13519
13525
13567
13568
13633
13637
13672
13673
13693
13699
13714
13719
13723
13733
13735
13745
13752
13795
13847
13914
13959
13970
14009
14026
14072
14082
14112
14141
14218
14241
14245
14250
14297
14335
14370
14389
14445
14458
14460
14471
14487
14489
14494
14511
14523
14525
14537
14577
14603
14655
14706
14768
14802
14803
14813
14877
14881
14886
14893
14895
14896
14902
14907
14909
14955
14972
15045
15070
15113
15126
15136
15142
15174
15235
15255
15273
15324
15360
15361
15415
15416
15456
15525
15566
15620
15621
15627
15638
15668
15673
15676
15682
15687
15707
15723
15803
15813
15841
15862
15874
15911
15954
15993
16023
16027
16142
16144
16165
16167
16191
16208
16224
16229
97
126
249
303
378
415
634
644
662
878
1077
1179
1477
1478
1571
1764
1822
1976
1989
2013
2037
2045
2261
2276
2332
2452
2463
2486
2542
2820
2884
2918
2986
3030
3055
3061
3485
3563
3625
3887
3953
4029
4081
4371
4596
4763
4764
4841
4853
5155
5240
5246
5279
5389
5456
5502
5790
5818
6270
6277
6286
6756
7335
7359
7915
8182
8374
8543
8686
8716
8918
8957
9000
9215
9365
9380
9452
9636
9845
10116
10224
10235
10553
10607
10712
10765
10858
10910
10927
11192
11289
11326
11343
11429
11503
11629
11885
11942
12143
12606
12609
12781
12838
12872
12956
13001
13116
13121
13138
13183
13227
13260
13472
13599
13694
13796
13825
14029
14108
14228
14236
14328
14546
14705
14731
14898
15080
15148
15193
15207
15213
15300
15378
15397
15515
15596
15663
15698
15751
15876
15987
16071
16169
