9
39
77
92
125
160
193
200
209
323
333
337
340
352
371
399
450
451
464
472
486
487
502
520
522
524
525
527
547
550
581
584
595
607
617
640
642
644
649
667
672
681
689
694
706
709
710
711
717
723
728
745
753
771
804
807
808
814
824
831
854
857
885
895
903
913
920
932
942
948
981
997
999
1011
1025
1030
1031
1039
1075
1076
1077
1093
1094
1102
1108
1114
1117
1120
1125
1127
1130
1136
1140
1141
1146
1152
1157
1158
1177
1183
1184
1189
1197
1204
1210
1219
1236
1245
1247
1263
1265
1268
1269
1277
1288
1290
1295
1298
1301
1327
1329
1344
1364
1371
1372
1377
1399
1404
1407
1417
1418
1424
1439
1450
1471
1480
1491
1495
1509
1511
1517
1534
1548
1554
1564
1575
1610
1615
1622
1625
1634
1641
1645
1649
1658
1676
1687
1698
1700
1723
1745
1747
1785
1793
1797
1807
1811
1834
1837
1842
1851
1864
1871
1876
1882
1884
1886
1888
1907
1908
1909
1910
1925
1928
1934
1936
1964
2000
2003
2004
2006
2009
2013
2019
2020
2023
2031
2038
2078
2079
2084
2085
2101
2112
2114
2122
2134
2135
2142
2150
2151
2167
2175
2179
2185
2188
2189
2199
2200
2203
2204
2209
2211
2216
2217
2225
2231
2232
2246
2248
2254
2257
2263
2269
2285
2310
2315
2320
2342
2367
2369
2390
2413
2448
2461
2462
2468
2482
2511
2521
2523
2526
2530
2537
2540
2598
2629
2643
2649
2660
2665
2666
2667
2672
2684
2695
2699
2702
2711
2719
2725
2728
2735
2736
2759
2763
2780
2785
2787
2795
2817
2819
2820
2826
2839
2858
2869
2876
2877
2916
2922
2937
2955
2964
2971
2980
2982
3001
3002
3006
3021
3032
3047
3066
3074
3093
3123
3125
3126
3149
3197
3202
3212
3213
3231
3233
3236
3237
3240
3241
3242
3254
3262
3264
3279
3285
3286
3301
3310
3325
3329
3332
3337
3342
3371
3395
3402
3409
3410
3412
3413
3441
3459
3464
3476
3480
3481
3486
3489
3491
3508
3513
3514
3517
3529
3533
3553
3559
3566
3575
3576
3590
3594
3603
3623
3632
3641
3645
3651
3666
3669
3679
3691
3693
3730
3740
3747
3750
3762
3774
3776
3794
3799
3802
3823
3841
3848
3851
3856
3863
3864
3892
3919
3923
3928
3935
3938
3968
3988
4001
4009
4012
4016
4025
4027
4037
4041
4053
4057
4077
4081
4085
4092
4093
4098
4136
4175
4181
4193
4198
4206
4219
4222
4223
4228
4234
4242
4248
4264
4283
4293
4296
4307
4315
4330
4338
4346
4352
4372
4385
4391
4396
4429
4433
4434
4457
4466
4485
4504
4526
4528
4576
4599
4604
4623
4634
4652
4655
4666
4667
4668
4671
4678
4683
4696
4702
4708
4709
4711
4726
4727
4730
4732
4734
4736
4744
4746
4763
4765
4766
4771
4787
4820
4824
4832
4833
4836
4839
4843
4849
4853
4871
4875
4885
4887
4919
4935
4937
4938
4946
4950
4962
4965
4973
4976
4979
4994
4997
5007
5025
5031
5032
5045
5046
5049
5061
5064
5066
5070
5073
5077
5086
5098
5099
5106
5107
5122
5145
5157
5166
5180
5183
5185
5201
5212
5219
5239
5248
5254
5292
5297
5313
5315
5318
5321
5325
5346
5358
5364
5372
5373
5380
5384
5402
5403
5405
5414
5419
5433
5437
5438
5441
5472
5473
5481
5482
5485
5488
5499
5510
5511
5539
5543
5556
5568
5574
5589
5597
5599
5606
5611
5613
5614
5620
5629
5634
5653
5663
5664
5672
5723
5729
5741
5771
5773
5776
5824
5828
5870
5882
5964
6049
6058
6063
6146
6194
6372
6388
6564
6566
6571
6577
6578
6579
6580
6592
6595
6596
6598
6615
6621
6639
6649
6662
6665
6667
6673
6682
6699
6705
6738
6740
6749
6751
6763
6767
6779
6786
6787
6800
6801
6802
6804
6812
6819
6820
6825
6857
6863
6873
6886
6920
6922
6926
6931
6967
6968
6977
6982
6984
6993
6997
6999
7010
7019
7032
7033
7040
7046
7057
7067
7071
7073
7102
7143
7201
7208
7209
7255
7272
7305
7309
7314
7323
7325
7330
7332
7342
7343
7365
7379
7383
7385
7398
7405
7406
7409
7411
7413
7415
7418
7421
7422
7423
7435
7437
7441
7460
7471
7485
7529
7544
7545
7574
7579
7584
7601
7612
7629
7631
7632
7663
7666
7668
7676
7693
7695
7705
7733
7736
7741
7746
7754
7786
7791
7807
7808
7817
7823
7850
7851
7858
7859
7862
7865
7870
7879
7880
7882
7888
7904
7906
7908
7914
7932
7933
7939
7943
7953
7956
7957
7961
7962
7966
7967
7968
7969
7972
7976
7977
7978
7981
7984
7987
7991
8003
8008
8026
8033
8038
8044
8060
8069
8078
8086
8088
8091
8097
8099
8101
8127
8135
8149
8151
8152
8154
8163
8167
8168
8216
8221
8228
8241
8242
8275
8292
8309
8330
8340
8347
8352
8358
8393
8395
8401
8409
8413
8425
8426
8438
8443
8445
8446
8448
8450
8460
8472
8474
8484
8485
8490
8492
8519
8546
8569
8593
8598
8606
8613
8676
8683
8686
8687
8692
8715
8717
8720
8725
8727
8730
8731
8740
8757
8769
8785
8812
8821
8823
8828
8829
8830
8832
8836
8853
8857
8860
8863
8866
8872
8874
8881
8884
8891
8894
8898
8902
8905
8907
8909
8911
8933
8934
8939
8945
8956
8992
9000
9015
9018
9024
9027
9029
9037
9038
9065
9079
9080
9085
9092
9102
9113
9119
9131
9136
9155
9164
9184
9190
9193
9200
9208
9211
9219
9223
9232
9246
9249
9252
9258
9287
9294
9321
9324
9354
9368
9370
9374
9379
9382
9402
9419
9437
9440
9444
9445
9449
9521
9523
9525
9541
9542
9558
9614
9623
9631
9644
9659
9660
9693
9745
9752
9778
9802
9806
9833
9834
9837
9838
9839
9851
9869
9880
9882
9883
9889
9891
9894
9897
9899
9905
9943
9945
9948
9950
9953
9959
9960
9964
9970
9973
9978
9988
9990
10001
10003
10008
10010
10018
10022
10024
10025
10033
10059
10065
10086
10087
10122
10142
10169
10176
10183
10185
10186
10192
10196
10204
10214
10220
10228
10232
10233
10237
10238
10239
10240
10243
10281
10282
10285
10289
10290
10295
10298
10305
10307
10311
10312
10314
10327
10334
10338
10341
10343
10346
10347
10348
10351
10355
10379
10391
10394
10395
10398
10413
10440
10445
10472
10477
10491
10504
10507
10511
10601
10616
10626
10631
10632
10639
10648
10652
10670
10685
10705
10715
10736
10744
10746
10765
10772
10784
10789
10805
10806
10818
10831
10833
10838
10847
10862
10870
10871
10873
10876
10889
10894
10911
10933
10935
10952
10953
10955
10961
10967
10980
10982
10994
10995
10997
11013
11030
11044
11047
11049
11055
11056
11058
11072
11077
11081
11109
11110
11112
11124
11130
11139
11158
11161
11163
11172
11207
11219
11235
11269
11272
11274
11289
11291
11305
11307
11309
11325
11327
11334
11339
11348
11354
11370
11382
11383
11384
11391
11398
11404
11406
11410
11414
11436
11437
11439
11440
11449
11452
11454
11456
11461
11469
11470
11473
11477
11496
11498
11507
11529
11530
11534
11536
11549
11571
11614
11616
11641
11642
11643
11644
11662
11665
11669
11676
11679
11685
11686
11689
11693
11701
11716
11719
11722
11725
11731
11734
11736
11741
11742
11749
11753
11776
11788
11804
11806
11811
11813
11814
11815
11818
11819
11825
11833
11852
11867
11871
11876
11877
11880
11885
11891
11896
11902
11945
11953
11955
11956
11960
11981
12031
12033
12036
12038
12044
12064
12069
12073
12075
12081
12095
12104
12105
12109
12112
12113
12116
12118
12132
12148
12181
12193
12195
12207
12226
12233
12234
12250
12255
12303
12304
12305
12312
12314
12329
12331
12332
12333
12335
12341
12343
12346
12355
12356
12357
12358
12360
12363
12366
12367
12375
12386
12389
12392
12402
12408
12426
12477
12478
12482
12493
12504
12512
12516
12522
12532
12549
12552
12565
12571
12578
12584
12586
12587
12595
12607
12633
12638
12641
12645
12649
12652
12666
12670
12684
12747
12754
12763
12777
12778
12783
12835
12839
12867
12903
12909
12911
12912
12930
12946
12954
12968
12969
12972
12991
13029
13036
13043
13047
13050
13051
13067
13069
13079
13137
13143
13149
13151
13160
13168
13188
13200
13201
13204
13205
13207
13212
13225
13228
13232
13238
13239
13250
13264
13285
13313
13317
13320
13322
13323
13326
13327
13335
13350
13351
13352
13354
13355
13358
13366
13394
13400
13402
13413
13418
13426
13442
13450
13475
13503
13505
13506
13508
13512
13519
13533
13535
13542
13548
13565
13575
13577
13598
13632
13649
13650
13654
13680
13704
13710
13737
13739
13742
13753
13772
13776
13778
13783
13786
13791
13808
13821
13839
13843
13853
13866
13884
13889
13903
13904
13919
13922
13926
13936
13937
13939
13941
13946
13947
13948
13954
13982
13997
13998
14007
14019
14023
14025
14031
14033
14047
14062
14064
14092
14105
14108
14110
14116
14131
14134
14151
14155
14183
14187
14190
14191
14201
14204
14240
14247
14250
14269
14295
14306
14318
14337
14341
14344
14349
14382
14393
14396
14414
14420
14429
14432
14440
14442
14449
14458
14461
14462
14467
14469
14470
14471
14472
14475
14489
14496
14525
14530
14541
14556
14564
14571
14578
14580
14582
14591
14593
14609
14629
14645
14646
14652
14653
14656
14677
14678
14683
14685
14690
14692
14694
14695
14697
14701
14710
14711
14715
14721
14724
14733
14739
14777
14782
14790
14795
14815
14816
14817
14822
14833
14836
14843
14852
14885
14899
14922
14934
14946
14965
14967
14970
14971
14976
14983
14985
15014
15032
15056
15059
15063
15078
15083
15086
15087
15093
15097
15098
15109
15118
15144
15155
15158
15166
15189
15204
15227
15246
15248
15249
15253
15267
15270
15274
15287
15292
15293
15312
15313
15314
15322
15339
15348
15376
15396
15405
15408
15414
15426
15429
15431
15445
15446
15458
15461
15465
15479
15480
15487
15497
15513
15515
15527
15534
15538
15551
15557
15602
15603
15625
15629
15677
15694
15696
15709
15731
15737
15739
15759
15774
15776
15792
15795
15796
15816
15829
15842
15846
15848
15851
15888
15889
15898
15910
15918
15921
15926
15928
15955
15960
15983
15989
15992
16018
16020
16038
16049
16061
16073
16078
16093
16094
16103
16106
16107
16113
16148
16178
16182
16230
16235
16236
16243
16246
16261
16271
16299
16310
16317
16328
16329
16330
16333
16345
16387
16406
16422
16430
16431
16433
16435
16439
16443
16444
16467
16519
16556
16559
16581
16585
16590
16606
16646
16659
16670
16684
16689
16690
16702
16716
16741
16760
16764
16784
16800
16805
16820
16850
16854
16908
16916
16934
16935
16938
16945
16960
16970
16971
16980
16984
16993
17009
17021
17023
17031
17040
17057
17075
17095
17115
17125
17134
17178
17187
17195
17213
17214
17218
17230
17234
17244
17252
17255
17257
17261
17265
17270
17310
11
22
28
64
79
115
137
162
184
201
219
224
368
417
435
448
460
481
498
506
508
511
549
567
568
569
577
589
604
610
611
612
629
635
650
661
663
666
680
699
700
719
720
722
725
730
733
737
746
755
768
782
799
816
821
830
836
856
870
902
921
960
970
974
1043
1079
1101
1105
1107
1109
1122
1167
1172
1173
1176
1178
1179
1180
1185
1196
1201
1202
1215
1229
1230
1238
1297
1312
1315
1321
1324
1334
1335
1336
1341
1345
1351
1353
1355
1370
1391
1393
1398
1406
1422
1432
1437
1477
1487
1490
1512
1550
1555
1556
1557
1559
1562
1567
1573
1591
1592
1596
1597
1600
1603
1604
1612
1633
1661
1682
1699
1702
1719
1720
1737
1752
1768
1804
1836
1839
1852
1855
1862
1890
1897
1898
1899
1912
1940
1941
1947
1963
1968
1969
1974
1980
1994
2008
2017
2025
2026
2033
2039
2041
2046
2064
2088
2099
2103
2139
2143
2146
2149
2154
2155
2159
2161
2174
2176
2180
2192
2202
2207
2208
2221
2230
2234
2252
2261
2298
2312
2313
2316
2330
2341
2368
2373
2418
2425
2427
2503
2512
2525
2527
2546
2558
2563
2568
2582
2662
2682
2688
2691
2715
2718
2720
2738
2740
2754
2775
2776
2786
2788
2789
2794
2797
2816
2840
2898
2929
2934
2935
2940
2943
2976
2979
2998
3009
3017
3019
3037
3075
3116
3118
3128
3148
3151
3155
3162
3182
3193
3194
3209
3210
3215
3217
3222
3224
3234
3239
3258
3270
3273
3334
3350
3357
3359
3372
3376
3378
3387
3397
3401
3404
3419
3466
3482
3494
3497
3516
3537
3543
3549
3569
3574
3582
3587
3598
3604
3605
3615
3619
3637
3653
3660
3665
3671
3694
3726
3773
3786
3790
3797
3814
3828
3830
3835
3852
3862
3915
3924
3940
3947
3964
3980
3981
3992
3993
4008
4013
4018
4040
4052
4072
4073
4074
4086
4087
4101
4129
4130
4144
4159
4178
4184
4188
4201
4216
4218
4220
4224
4246
4267
4269
4275
4276
4277
4285
4289
4301
4304
4322
4341
4349
4350
4351
4362
4369
4370
4376
4382
4390
4401
4418
4430
4437
4454
4459
4502
4505
4506
4507
4509
4511
4513
4591
4597
4606
4612
4613
4615
4618
4625
4632
4673
4676
4681
4686
4694
4707
4712
4719
4722
4728
4729
4735
4741
4748
4762
4777
4838
4857
4859
4905
4913
4925
4926
4941
4949
4966
4975
4982
4989
5040
5054
5055
5062
5072
5076
5093
5102
5110
5137
5144
5186
5189
5200
5249
5255
5290
5293
5316
5324
5327
5344
5347
5348
5354
5357
5385
5393
5406
5410
5417
5421
5429
5431
5446
5456
5471
5516
5517
5524
5526
5533
5537
5547
5554
5572
5576
5584
5610
5623
5631
5660
5689
5695
5697
5700
5704
5745
5755
5781
5805
5830
5836
5842
5856
5877
5886
5892
5897
5978
6034
6174
6199
6288
6319
6358
6538
6547
6559
6562
6570
6574
6584
6593
6612
6636
6637
6659
6666
6672
6676
6703
6706
6723
6725
6729
6754
6756
6760
6764
6788
6795
6799
6845
6850
6885
6930
6969
6973
6974
6986
7009
7039
7043
7056
7084
7095
7127
7200
7204
7212
7222
7229
7232
7251
7252
7258
7264
7266
7269
7307
7339
7347
7352
7357
7373
7412
7417
7445
7451
7464
7466
7474
7477
7480
7504
7515
7533
7547
7548
7577
7583
7587
7639
7644
7648
7649
7687
7701
7710
7711
7713
7716
7721
7739
7756
7763
7765
7766
7767
7790
7799
7811
7815
7819
7826
7831
7875
7898
7909
7917
7919
7955
7959
7964
7980
7982
7983
7989
7992
7994
7995
8000
8001
8002
8005
8007
8013
8015
8019
8022
8024
8027
8030
8041
8052
8074
8089
8098
8102
8115
8116
8126
8133
8137
8141
8156
8183
8206
8212
8245
8251
8256
8258
8264
8267
8284
8337
8368
8376
8389
8398
8399
8423
8439
8442
8447
8449
8458
8476
8487
8489
8505
8516
8521
8523
8524
8528
8530
8541
8547
8565
8580
8585
8610
8615
8629
8663
8664
8667
8675
8684
8688
8696
8734
8750
8751
8775
8777
8778
8795
8802
8808
8814
8820
8835
8851
8858
8865
8867
8880
8895
8903
8906
8908
8915
8927
8947
8948
8950
8959
8969
8982
8983
8990
8997
8998
9009
9051
9064
9083
9086
9087
9111
9149
9150
9172
9191
9196
9206
9216
9217
9269
9283
9293
9322
9327
9334
9358
9403
9404
9475
9485
9514
9519
9535
9536
9537
9538
9539
9540
9543
9544
9545
9546
9547
9552
9568
9596
9607
9609
9611
9640
9641
9657
9666
9672
9692
9700
9705
9713
9714
9733
9742
9743
9766
9769
9771
9801
9808
9810
9819
9824
9828
9829
9831
9866
9871
9874
9879
9881
9888
9892
9895
9903
9907
9926
9927
9931
9944
9954
9957
9958
9979
9989
9996
10000
10037
10041
10044
10051
10061
10085
10092
10093
10151
10203
10206
10211
10242
10244
10248
10272
10278
10284
10288
10291
10300
10301
10303
10304
10318
10344
10350
10354
10414
10421
10424
10426
10438
10462
10463
10476
10482
10496
10602
10606
10629
10662
10669
10696
10709
10717
10724
10743
10750
10760
10774
10775
10804
10846
10866
10867
10877
10893
10906
10908
10915
10945
10962
10965
10976
10983
11001
11003
11004
11014
11015
11019
11022
11023
11025
11035
11070
11080
11086
11091
11092
11127
11128
11132
11133
11150
11153
11159
11160
11162
11166
11181
11184
11185
11198
11202
11203
11216
11218
11252
11292
11293
11294
11301
11303
11306
11308
11315
11329
11335
11349
11358
11374
11387
11401
11405
11416
11425
11435
11443
11445
11457
11472
11474
11476
11542
11603
11695
11696
11715
11723
11730
11733
11744
11773
11775
11783
11785
11793
11794
11843
11844
11856
11865
11879
11881
11889
11915
11919
11930
11952
11958
12037
12039
12048
12078
12086
12100
12106
12111
12117
12129
12141
12153
12162
12172
12196
12199
12203
12221
12232
12240
12246
12251
12293
12308
12310
12315
12327
12340
12344
12353
12365
12368
12370
12371
12372
12373
12374
12380
12383
12394
12396
12401
12403
12407
12412
12419
12420
12429
12430
12433
12436
12446
12463
12465
12468
12499
12505
12525
12531
12543
12559
12566
12567
12572
12583
12588
12616
12622
12636
12640
12642
12643
12644
12678
12688
12692
12712
12723
12733
12735
12736
12738
12760
12771
12781
12787
12836
12899
12908
12910
12915
12970
12971
12978
12982
13005
13010
13020
13028
13044
13048
13070
13081
13098
13099
13119
13131
13150
13174
13179
13180
13187
13203
13213
13216
13256
13265
13269
13281
13291
13315
13316
13321
13325
13328
13334
13339
13340
13341
13344
13349
13353
13362
13374
13388
13390
13398
13399
13405
13408
13409
13421
13425
13427
13431
13435
13452
13471
13473
13487
13488
13499
13514
13523
13528
13532
13537
13573
13580
13599
13601
13634
13648
13653
13664
13665
13666
13682
13690
13703
13705
13716
13720
13738
13765
13773
13788
13794
13797
13824
13827
13847
13873
13908
13921
13935
13940
13943
13944
13945
13976
13977
13979
14004
14010
14016
14017
14022
14026
14037
14044
14045
14069
14071
14076
14091
14094
14111
14117
14141
14172
14174
14199
14203
14215
14237
14246
14252
14280
14296
14316
14317
14319
14331
14358
14365
14372
14375
14402
14403
14405
14412
14416
14436
14438
14441
14450
14464
14476
14479
14492
14500
14506
14529
14536
14542
14545
14549
14558
14562
14584
14587
14588
14598
14615
14616
14628
14633
14640
14650
14651
14665
14676
14687
14703
14707
14709
14716
14717
14718
14770
14784
14812
14814
14828
14845
14856
14860
14879
14905
14932
14951
14953
14980
15000
15001
15023
15027
15028
15062
15084
15088
15095
15129
15130
15131
15132
15139
15146
15153
15162
15177
15197
15200
15247
15257
15260
15268
15276
15289
15307
15309
15316
15329
15336
15351
15374
15389
15410
15433
15435
15437
15449
15460
15466
15485
15494
15500
15520
15528
15529
15532
15533
15536
15541
15563
15577
15584
15585
15604
15606
15607
15623
15630
15634
15638
15671
15673
15679
15692
15698
15707
15727
15768
15779
15787
15797
15800
15802
15818
15819
15831
15841
15847
15856
15881
15896
15899
15913
15915
15939
15947
15950
15951
15956
15959
15961
15962
15963
15964
15970
15976
15980
15988
16025
16030
16074
16088
16125
16154
16155
16157
16171
16173
16179
16180
16192
16232
16237
16244
16245
16272
16280
16303
16304
16315
16322
16323
16339
16348
16354
16358
16393
16410
16432
16445
16449
16458
16470
16504
16564
16571
16575
16580
16592
16600
16601
16622
16634
16667
16695
16700
16701
16704
16709
16715
16720
16771
16781
16786
16797
16824
16832
16841
16857
16867
16881
16883
16884
16898
16914
16926
16941
16951
16981
16987
16992
17037
17139
17145
17226
17227
17241
17253
17285
6
94
122
215
467
478
618
641
682
683
692
810
812
844
853
898
1042
1123
1128
1129
1135
1286
1482
1510
1551
1583
1637
1741
1774
2061
2121
2157
2162
2177
2247
2266
2434
2779
2855
2862
2901
2906
2927
2975
2987
3039
3046
3069
3088
3130
3141
3143
3150
3221
3257
3295
3316
3396
3469
3792
3834
3857
3861
3888
3906
3979
3985
4019
4029
4089
4090
4164
4171
4204
4227
4331
4446
4453
4481
4527
4556
4563
4639
4660
4700
4740
4822
4837
5096
5111
5115
5132
5155
5220
5312
5320
5328
5447
5475
5512
5514
5586
5609
5656
5658
5679
5891
6202
6625
6724
6948
6980
6995
7029
7226
7233
7344
7389
7500
7516
7535
7590
7678
7698
7777
7816
7827
7839
7876
7905
7920
7926
7947
7963
7971
8031
8040
8079
8107
8140
8257
8317
8351
8367
8440
8526
8539
8554
8583
8638
8813
8841
8873
8875
8886
8937
8941
9106
9120
9133
9158
9171
9388
9396
9610
9642
9765
9775
9790
9791
9812
9825
9971
9987
9991
10148
10172
10174
10210
10257
10283
10389
10409
10428
10481
10617
10690
10695
10742
10836
10841
10875
11034
11042
11104
11179
11196
11208
11237
11343
11363
11375
11386
11484
11516
11517
11551
11577
11584
11587
11668
11764
11767
11805
11832
11905
11917
12144
12152
12173
12390
12514
12541
12664
12679
12690
12699
12704
12743
12773
12791
12887
13065
13089
13091
13101
13115
13132
13235
13244
13273
13385
13396
13490
13581
13663
13746
13785
13833
13848
13878
13928
13950
14101
14189
14290
14527
14577
14590
14624
14630
14658
14684
14714
14776
14818
14844
14847
15029
15045
15121
15183
15235
15258
15266
15279
15337
15349
15467
15571
15751
15949
15986
15993
16102
16114
16119
16156
16169
16247
16270
16356
16457
16473
16572
16683
16696
16735
16818
16843
16856
16869
16947
17048
17069
17123
17129
17154
17197
17219
17228
17263
17298
17318
