9
39
77
92
125
160
193
200
209
323
333
337
340
352
371
399
450
451
464
472
486
487
502
520
522
524
525
527
547
550
581
584
595
607
617
640
642
644
649
667
672
681
689
694
706
709
710
711
717
723
728
745
753
771
804
807
808
814
824
831
854
857
885
895
903
913
920
932
942
948
981
997
999
1011
1025
1030
1031
1039
1075
1076
1077
1093
1094
1102
1108
1114
1117
1120
1125
1127
1130
1136
1140
1141
1146
1152
1157
1158
1177
1183
1184
1189
1197
1204
1210
1219
1236
1245
1247
1263
1265
1268
1269
1277
1288
1290
1295
1298
1301
1327
1329
1344
1364
1371
1372
1377
1399
1404
1407
1417
1418
1424
1439
1450
1471
1480
1491
1495
1509
1511
1517
1534
1548
1554
1564
1575
1610
1615
1622
1625
1634
1641
1645
1649
1658
1676
1687
1698
1700
1723
1745
1747
1785
1793
1797
1807
1811
1834
1837
1842
1851
1864
1871
1876
1882
1884
1886
1888
1907
1908
1909
1910
1925
1928
1934
1936
1964
2000
2003
2004
2006
2009
2013
2019
2020
2023
2031
2038
2078
2079
2084
2085
2101
2112
2114
2122
2134
2135
2142
2150
2151
2167
2175
2179
2185
2188
2189
2199
2200
2203
2204
2209
2211
2216
2217
2225
2231
2232
2246
2248
2254
2257
2263
2269
2285
2310
2315
2320
2342
2367
2369
2390
2413
2448
2461
2462
2468
2482
2511
2521
2523
2526
2530
2537
2540
2598
2629
2643
2649
2660
2665
2666
2667
2672
2684
2695
2699
2702
2711
2719
2725
2728
2735
2736
2759
2763
2780
2785
2787
2795
2817
2819
2820
2826
2839
2858
2869
2876
2877
2916
2922
2937
2955
2964
2971
2980
2982
3001
3002
3006
3021
3032
3047
3066
3074
3093
3123
3125
3126
3149
3197
3202
3212
3213
3231
3233
3236
3237
3240
3241
3242
3254
3262
3264
3279
3285
3286
3301
3310
3325
3329
3332
3337
3342
3371
3395
3402
3409
3410
3412
3413
3441
3459
3464
3476
3480
3481
3486
3489
3491
3508
3513
3514
3517
3529
3533
3553
3559
3566
3575
3576
3590
3594
3603
3623
3632
3641
3645
3651
3666
3669
3679
3691
3693
3730
3740
3747
3750
3762
3774
3776
3794
3799
3802
3823
3841
3848
3851
3856
3863
3864
3892
3919
3923
3928
3935
3938
3968
3988
4001
4009
4012
4016
4025
4027
4037
4041
4053
4057
4077
4081
4085
4092
4093
4098
4136
4175
4181
4193
4198
4206
4219
4222
4223
4228
4234
4242
4248
4264
4283
4293
4296
4307
4315
4330
4338
4346
4352
4372
4385
4391
4396
4429
4433
4434
4457
4466
4485
4504
4526
4528
4576
4599
4604
4623
4634
4652
4655
4666
4667
4668
4671
4678
4683
4696
4702
4708
4709
4711
4726
4727
4730
4732
4734
4736
4744
4746
4763
4765
4766
4771
4787
4820
4824
4832
4833
4836
4839
4843
4849
4853
4871
4875
4885
4887
4919
4935
4937
4938
4946
4950
4962
4965
4973
4976
4979
4994
4997
5007
5025
5031
5032
5045
5046
5049
5061
5064
5066
5070
5073
5077
5086
5098
5099
5106
5107
5122
5145
5157
5166
5180
5183
5185
5201
5212
5219
5239
5248
5254
5292
5297
5313
5315
5318
5321
5325
5346
5358
5364
5372
5373
5380
5384
5402
5403
5405
5414
5419
5433
5437
5438
5441
5472
5473
5481
5482
5485
5488
5499
5510
5511
5539
5543
5556
5568
5574
5589
5597
5599
5606
5611
5613
5614
5620
5629
5634
5653
5663
5664
5672
5723
5729
5741
5771
5773
5776
5824
5828
5870
5882
5964
6049
6058
6063
6146
6194
6372
6388
6564
6566
6571
6577
6578
6579
6580
6592
6595
6596
6598
6615
6621
6639
6649
6662
6665
6667
6673
6682
6699
6705
6738
6740
6749
6751
6763
6767
6779
6786
6787
6800
6801
6802
6804
6812
6819
6820
6825
6857
6863
6873
6886
6920
6922
6926
6931
6967
6968
6977
6982
6984
6993
6997
6999
7010
7019
7032
7033
7040
7046
7057
7067
7071
7073
7102
7143
7201
7208
7209
7255
7272
7305
7309
7314
7323
7325
7330
7332
7342
7343
7365
7379
7383
7385
7398
7405
7406
7409
7411
7413
7415
7418
7421
7422
7423
7435
7437
7441
7460
7471
7485
7529
7544
7545
7574
7579
7584
7601
7612
7629
7631
7632
7663
7666
7668
7676
7693
7695
7705
7733
7736
7741
7746
7754
7786
7791
7807
7808
7817
7823
7850
7851
7858
7859
7862
7865
7870
7879
7880
7882
7888
7904
7906
7908
7914
7932
7933
7939
7943
7953
7956
7957
7961
7962
7966
7967
7968
7969
7972
7976
7977
7978
7981
7984
7987
7991
8003
8008
8026
8033
8038
8044
8060
8069
8078
8086
8088
8091
8097
8099
8101
8127
8135
8149
8151
8152
8154
8163
8167
8168
8216
8221
8228
8241
8242
8275
8292
8309
8330
8340
8347
8352
8358
8393
8395
8401
8409
8413
8425
8426
8438
8443
8445
8446
8448
8450
8460
8472
8474
8484
8485
8490
8492
8519
8546
8569
8593
8598
8606
8613
8676
8683
8686
8687
8692
8715
8717
8720
8725
8727
8730
8731
8740
8757
8769
8785
8812
8821
8823
8828
8829
8830
8832
8836
8853
8857
8860
8863
8866
8872
8874
8881
8884
8891
8894
8898
8902
8905
8907
8909
8911
8933
8934
8939
8945
8956
8992
9000
9015
9018
9024
9027
9029
9037
9038
9065
9079
9080
9085
9092
9102
9113
9119
9131
9136
9155
9164
9184
9190
9193
9200
9208
9211
9219
9223
9232
9246
9249
9252
9258
9287
9294
9321
9324
9354
9368
9370
9374
9379
9382
9402
9419
9437
9440
9444
9445
9449
9521
9523
9525
9541
9542
9558
9614
9623
9631
9644
9659
9660
9693
9745
9752
9778
9802
9806
9833
9834
9837
9838
9839
9851
9869
9880
9882
9883
9889
9891
9894
9897
9899
9905
9943
9945
9948
9950
9953
9959
9960
9964
9970
9973
9978
9988
9990
10001
10003
10008
10010
10018
10022
10024
10025
10033
10059
10065
10086
10087
10122
10142
10169
10176
10183
10185
10186
10192
10196
10204
10214
10220
10228
10232
10233
10237
10238
10239
10240
10243
10281
10282
10285
10289
10290
10295
10298
10305
10307
10311
10312
10314
10327
10334
10338
10341
10343
10346
10347
10348
10351
10355
10379
10391
10394
10395
10398
10413
10440
10445
10472
10477
10491
10504
10507
10511
10601
10616
10626
10631
10632
10639
10648
10652
10670
10685
10705
10715
10736
10744
10746
10765
10772
10784
10789
10805
10806
10818
10831
10833
10838
10847
10862
10870
10871
10873
10876
10889
10894
10911
10933
10935
10952
10953
10955
10961
10967
10980
10982
10994
10995
10997
11013
11030
11044
11047
11049
11055
11056
11058
11072
11077
11081
11109
11110
11112
11124
11130
11139
11158
11161
11163
11172
11207
11219
11235
11269
11272
11274
11289
11291
11305
11307
11309
11325
11327
11334
11339
11348
11354
11370
11382
11383
11384
11391
11398
11404
11406
11410
11414
11436
11437
11439
11440
11449
11452
11454
11456
11461
11469
11470
11473
11477
11496
11498
11507
11529
11530
11534
11536
11549
11571
11614
11616
11641
11642
11643
11644
11662
11665
11669
11676
11679
11685
11686
11689
11693
11701
11716
11719
11722
11725
11731
11734
11736
11741
11742
11749
11753
11776
11788
11804
11806
11811
11813
11814
11815
11818
11819
11825
11833
11852
11867
11871
11876
11877
11880
11885
11891
11896
11902
11945
11953
11955
11956
11960
11981
12031
12033
12036
12038
12044
12064
12069
12073
12075
12081
12095
12104
12105
12109
12112
12113
12116
12118
12132
12148
12181
12193
12195
12207
12226
12233
12234
12250
12255
12303
12304
12305
12312
12314
12329
12331
12332
12333
12335
12341
12343
12346
12355
12356
12357
12358
12360
12363
12366
12367
12375
12386
12389
12392
12402
12408
12426
12477
12478
12482
12493
12504
12512
12516
12522
12532
12549
12552
12565
12571
12578
12584
12586
12587
12595
12607
12633
12638
12641
12645
12649
12652
12666
12670
12684
12747
12754
12763
12777
12778
12783
12835
12839
12867
12903
12909
12911
12912
12930
12946
12954
12968
12969
12972
12991
13029
13036
13043
13047
13050
13051
13067
13069
13079
13137
13143
13149
13151
13160
13168
13188
13200
13201
13204
13205
13207
13212
13225
13228
13232
13238
13239
13250
13264
13285
13313
13317
13320
13322
13323
13326
13327
13335
13350
13351
13352
13354
13355
13358
13366
13394
13400
13402
13413
13418
13426
13442
13450
13475
13503
13505
13506
13508
13512
13519
13533
13535
13542
13548
13565
13575
13577
13598
13632
13649
13650
13654
13680
13704
13710
13737
13739
13742
13753
13772
13776
13778
13783
13786
13791
13808
13821
13839
13843
13853
13866
13884
13889
13903
13904
13919
13922
13926
13936
13937
13939
13941
13946
13947
13948
13954
13982
13997
13998
14007
14019
14023
14025
14031
14033
14047
14062
14064
14092
14105
14108
14110
14116
14131
14134
14151
14155
14183
14187
14190
14191
14201
14204
14240
14247
14250
14269
14295
14306
14318
14337
14341
14344
14349
14382
14393
14396
14414
14420
14429
14432
14440
14442
14449
14458
14461
14462
14467
14469
14470
14471
14472
14475
14489
14496
14525
14530
14541
14556
14564
14571
14578
14580
14582
14591
14593
14609
14629
14645
14646
14652
14653
14656
14677
14678
14683
14685
14690
14692
14694
14695
14697
14701
14710
14711
14715
14721
14724
14733
14739
14777
14782
14790
14795
14815
14816
14817
14822
14833
14836
14843
14852
14885
14899
14922
14934
14946
14965
14967
14970
14971
14976
14983
14985
15014
15032
15056
15059
15063
15078
15083
15086
15087
15093
15097
15098
15109
15118
15144
15155
15158
15166
15189
15204
15227
15246
15248
15249
15253
15267
15270
15274
15287
15292
15293
15312
15313
15314
15322
15339
15348
15376
15396
15405
15408
15414
15426
15429
15431
15445
15446
15458
15461
15465
15479
15480
15487
15497
15513
15515
15527
15534
15538
15551
15557
15602
15603
15625
15629
15677
15694
15696
15709
15731
15737
15739
15759
15774
15776
15792
15795
15796
15816
15829
15842
15846
15848
15851
15888
15889
15898
15910
15918
15921
15926
15928
15955
15960
15983
15989
15992
16018
16020
16038
16049
16061
16073
16078
16093
16094
16103
16106
16107
16113
16148
16178
16182
16230
16235
16236
16243
16246
16261
16271
16299
16310
16317
16328
16329
16330
16333
16345
16387
16406
16422
16430
16431
16433
16435
16439
16443
16444
16467
16519
16556
16559
16581
16585
16590
16606
16646
16659
16670
16684
16689
16690
16702
16716
16741
16760
16764
16784
16800
16805
16820
16850
16854
16908
16916
16934
16935
16938
16945
16960
16970
16971
16980
16984
16993
17009
17021
17023
17031
17040
17057
17075
17095
17115
17125
17134
17178
17187
17195
17213
17214
17218
17230
17234
17244
17252
17255
17257
17261
17265
17270
17310
