160
337
434
454
487
488
502
520
522
544
568
595
644
648
680
682
711
723
745
755
808
814
831
853
857
903
923
943
997
1030
1038
1039
1102
1120
1135
1172
1189
1215
1286
1325
1348
1372
1418
1450
1456
1495
1510
1603
1610
1630
1634
1645
1649
1741
1745
1752
1766
1797
1955
1967
1974
2006
2061
2122
2203
2329
2347
2413
2550
2643
2672
2684
2700
2713
2820
2872
2922
3021
3212
3215
3250
3262
3419
3481
3491
3623
3641
3776
3841
3857
3892
3919
4025
4041
4053
4269
4323
4527
4541
4556
4605
4638
4671
4700
4727
4763
4771
4787
4837
4875
5002
5046
5079
5111
5122
5157
5186
5220
5239
5254
5321
5407
5417
5421
5431
5437
5438
5609
5631
5771
5824
6049
6058
6063
6105
6155
6202
6372
6615
6666
6715
6785
6801
6805
6812
6814
6819
6857
6862
6886
6922
6948
6968
6986
7039
7045
7074
7079
7090
7233
7323
7422
7437
7441
7460
7516
7527
7632
7695
7698
7765
7786
7791
7839
7886
7904
7932
7957
7965
7972
7994
8078
8107
8116
8199
8242
8243
8262
8343
8354
8358
8368
8414
8450
8458
8485
8539
8583
8613
8638
8715
8853
8941
8992
9009
9024
9065
9119
9120
9133
9171
9184
9232
9252
9287
9308
9379
9444
9445
9449
9609
9631
9713
9752
9771
9776
9806
9839
9867
9869
9959
9973
9988
10000
10129
10133
10185
10192
10232
10239
10281
10348
10351
10358
10376
10443
10624
10695
10789
10818
10870
10871
10873
10894
10933
10953
10988
11055
11109
11196
11207
11269
11305
11334
11404
11473
11491
11516
11529
11587
11644
11811
11880
11885
11891
11918
11966
11981
12033
12132
12163
12207
12301
12312
12358
12371
12393
12425
12469
12482
12549
12587
12664
12666
12682
12694
12699
12724
12778
12781
12887
12930
12952
12957
12972
12994
13101
13180
13207
13238
13250
13288
13317
13366
13413
13426
13505
13532
13542
13574
13632
13703
13726
13746
13776
13785
13796
13821
13848
13866
13873
13889
13928
13948
13954
13998
14025
14033
14045
14053
14071
14106
14143
14183
14189
14201
14269
14281
14295
14301
14347
14393
14396
14438
14462
14470
14637
14814
14833
14968
14969
15045
15079
15097
15130
15135
15140
15156
15183
15249
15287
15312
15339
15405
15538
15553
15629
15689
15694
15918
15939
16038
16093
16106
16107
16113
16114
16155
16230
16243
16270
16299
16317
16328
16330
16445
16467
16519
16572
16595
16684
16764
16796
16808
16818
16843
16850
16939
16993
17031
17075
17091
17095
17101
17115
17125
17154
17221
17227
17244
17257
17261
17298
